%YAML:1.0
---
intrinsic: !!opencv-matrix
   rows: 3
   cols: 3
   dt: d
   data: [ 7.9570074868474148e+02, 0., 1.0393163300440830e+02, 0.,
       7.2398915318028230e+02, 1.3588861499648289e+01, 0., 0., 1. ]
distortion: !!opencv-matrix
   rows: 1
   cols: 5
   dt: d
   data: [ -1.1042172840252423e-01, 1.1946611802514151e-01,
       -6.0140968770048771e-02, 1.0553523046332690e-02,
       9.4261802907253278e-02 ]