%YAML:1.0
---
intrinsic: !!opencv-matrix
   rows: 3
   cols: 3
   dt: d
   data: [ 1.5061690310750314e+03, 0., -2.9819254755959541e+00, 0.,
       2.9417244880300577e+03, 4.0064672797241752e+00, 0., 0., 1. ]
distortion: !!opencv-matrix
   rows: 1
   cols: 5
   dt: d
   data: [ -6.1384144990030504e-02, -4.9399903312244148e-01,
       -3.9639024687106776e-02, -1.9468171109689073e-02,
       1.1629425752452676e+00 ]
