%YAML:1.0
---
intrinsic: !!opencv-matrix
   rows: 3
   cols: 3
   dt: d
   data: [ 1.0879649202609526e+03, 0., 2.8014063901660603e+02, 0.,
       1.0373286392841146e+03, 1.1388618840112109e+02, 0., 0., 1. ]
distortion: !!opencv-matrix
   rows: 1
   cols: 5
   dt: d
   data: [ -2.0184982319299166e-01, 5.7170883243044124e-01,
       -3.3419827021592655e-03, -4.4820113653875289e-02,
       -2.7074876447954360e-01 ]
